0.0 10554
3600.0 667
7200.0 381
10800.0 177
14400.0 119
18000.0 87
21600.0 33
25200.0 16
28800.0 19
32400.0 21
36000.0 6
39600.0 14
43200.0 35
46800.0 89
50400.0 106
54000.0 112
57600.0 134
61200.0 88
64800.0 108
68400.0 63
72000.0 59
75600.0 40
79200.0 30
82800.0 32
86400.0 16
90000.0 6
93600.0 4
97200.0 2
100800.0 1
104400.0 0
108000.0 0
111600.0 0
115200.0 0
118800.0 0
122400.0 1
126000.0 4
129600.0 15
133200.0 14
136800.0 15
140400.0 21
144000.0 34
147600.0 18
151200.0 7
154800.0 9
158400.0 6
162000.0 4
165600.0 2
169200.0 0
172800.0 1
176400.0 1
180000.0 0
183600.0 0
187200.0 0
190800.0 0
194400.0 0
198000.0 0
201600.0 0
205200.0 0
208800.0 0
212400.0 1
216000.0 0
219600.0 2
223200.0 2
226800.0 0
230400.0 3
234000.0 0
