1800 	0.00
3600 	0.68
5400 	0.73
7200 	0.73
9000 	0.76
10800 	0.89
12600 	0.89
14400 	0.90
16200 	0.82
18000 	0.75
19800 	0.72
21600 	0.72
23400 	0.75
25200 	0.74
27000 	0.76
28800 	0.76
30600 	0.76
32400 	0.76
34200 	0.86
36000 	0.86
37800 	0.86
39600 	0.86
41400 	0.86
43200 	0.86
45000 	0.86
46800 	0.86
48600 	0.86
50400 	0.86
52200 	0.85
54000 	0.85
55800 	0.85
57600 	0.85
59400 	0.85
61200 	0.85
63000 	0.85
64800 	0.85
66600 	0.85
68400 	0.85
70200 	0.85
72000 	0.85
73800 	0.85
75600 	0.85
77400 	0.85
79200 	0.85
81000 	0.85
82800 	0.85
84600 	0.85
86400 	0.85
88200 	0.85
90000 	0.88
91800 	0.87
93600 	0.87
95400 	0.87
97200 	0.87
99000 	0.90
100800 	0.90
102600 	0.90
104400 	0.91
106200 	0.94
108000 	0.86
109800 	0.85
111600 	0.89
113400 	0.89
115200 	0.85
117000 	0.84
118800 	1.50
120600 	1.50
122400 	160.48
124200 	160.48
126000 	160.48
127800 	160.48
129600 	160.48
131400 	160.48
133200 	160.48
135000 	160.48
136800 	160.48
138600 	160.48
140400 	160.48
142200 	160.48
144000 	160.48
145800 	160.48
147600 	160.48
149400 	160.48
151200 	160.48
153000 	160.48
154800 	160.48
156600 	160.48
158400 	160.48
160200 	160.48
162000 	160.48
163800 	160.48
165600 	160.48
167400 	160.48
169200 	160.48
171000 	160.48
172800 	160.48
174600 	160.48
176400 	160.48
178200 	160.46
180000 	1.59
181800 	1.60
183600 	2.10
185400 	2.10
187200 	2.12
189000 	1.02
190800 	1.05
192600 	1.38
194400 	1.00
196200 	1.00
198000 	0.98
199800 	0.98
201600 	1.02
203400 	1.02
205200 	1.02
207000 	1.02
208800 	1.02
210600 	1.02
212400 	1.09
214200 	1.09
216000 	1.08
217800 	1.08
219600 	1.08
221400 	1.08
223200 	1.08
225000 	1.08
226800 	1.08
228600 	1.11
230400 	1.11
232200 	1.11
234000 	1.11
235800 	1.11
237600 	1.11
239400 	1.11
241200 	1.11
243000 	1.11
244800 	1.11
246600 	1.11
248400 	1.11
250200 	1.11
252000 	1.11
253800 	1.11
255600 	1.11
257400 	1.11
259200 	1.11
261000 	1.11
262800 	0.99
264600 	0.98
266400 	0.98
268200 	0.97
270000 	0.97
271800 	0.99
273600 	1.02
275400 	0.96
277200 	0.96
279000 	0.97
280800 	0.97
282600 	0.99
284400 	0.99
286200 	1.02
288000 	1.04
289800 	1.05
291600 	1.04
293400 	1.04
295200 	1.04
297000 	1.04
298800 	1.04
300600 	1.04
302400 	1.04
304200 	1.04
306000 	1.04
307800 	1.04
309600 	1.04
311400 	1.04
313200 	1.04
315000 	1.04
316800 	1.04
318600 	1.04
320400 	1.04
322200 	1.04
324000 	1.04
325800 	1.04
327600 	1.04
329400 	1.04
331200 	1.04
333000 	1.04
334800 	1.04
336600 	1.04
338400 	1.04
340200 	1.04
342000 	1.04
343800 	1.04
345600 	1.04
347400 	1.04
349200 	1.04
351000 	1.04
352800 	1.04
354600 	1.04
356400 	1.04
358200 	1.04
360000 	1.04
361800 	1.04
363600 	1.04
365400 	1.04
367200 	1.04
369000 	1.04
370800 	1.04
372600 	1.04
374400 	1.04
376200 	1.04
378000 	1.04
379800 	1.04
381600 	1.04
383400 	1.04
385200 	1.04
387000 	1.04
388800 	1.04
390600 	1.04
392400 	1.04
394200 	1.04
396000 	1.06
397800 	1.06
399600 	1.06
401400 	1.06
403200 	1.06
405000 	1.06
406800 	1.06
408600 	1.06
410400 	1.06
412200 	1.06
414000 	1.06
415800 	1.06
417600 	1.06
419400 	1.06
421200 	1.06
423000 	1.06
424800 	1.06
426600 	1.06
428400 	1.06
430200 	1.06
432000 	1.06
433800 	1.06
435600 	1.06
437400 	1.06
439200 	1.06
441000 	1.10
442800 	1.11
444600 	1.11
446400 	1.21
448200 	1.20
450000 	1.20
451800 	1.20
453600 	1.20
455400 	1.20
457200 	1.20
459000 	1.20
460800 	1.22
462600 	1.22
464400 	1.17
466200 	1.17
468000 	1.17
469800 	1.17
471600 	1.19
473400 	1.19
475200 	1.19
477000 	1.19
478800 	1.19
480600 	1.19
482400 	1.19
484200 	1.19
486000 	1.19
487800 	1.19
489600 	1.19
491400 	1.19
493200 	1.19
495000 	1.19
496800 	1.19
498600 	1.19
500400 	1.19
502200 	1.19
504000 	1.19
505800 	1.19
507600 	1.19
509400 	1.19
511200 	1.19
513000 	1.19
514800 	1.19
516600 	1.19
518400 	1.19
520200 	1.19
522000 	1.20
523800 	1.19
525600 	1.07
527400 	1.07
529200 	1.06
531000 	1.05
532800 	1.10
534600 	1.10
536400 	1.10
538200 	1.10
540000 	1.10
541800 	1.10
543600 	1.10
545400 	1.16
547200 	1.15
549000 	1.16
550800 	1.16
552600 	1.16
554400 	1.40
556200 	1.40
558000 	1.40
559800 	1.43
561600 	1.46
563400 	1.52
565200 	1.48
567000 	1.48
568800 	1.48
570600 	1.48
572400 	1.48
574200 	1.48
576000 	1.48
577800 	1.48
579600 	1.27
581400 	1.27
583200 	1.27
585000 	1.27
586800 	1.27
588600 	1.27
590400 	1.27
592200 	1.27
594000 	1.27
595800 	1.39
597600 	1.39
599400 	1.39
601200 	1.39
603000 	1.39
604800 	1.39
606600 	1.39
608400 	1.39
610200 	1.39
612000 	1.39
613800 	1.39
615600 	1.30
617400 	1.41
619200 	1.40
621000 	1.39
622800 	1.40
624600 	1.40
626400 	1.40
628200 	1.40
630000 	1.40
631800 	1.41
633600 	1.42
635400 	1.42
637200 	1.52
639000 	1.53
640800 	1.55
642600 	1.65
644400 	1.65
646200 	1.65
648000 	1.65
649800 	1.65
651600 	1.65
653400 	1.65
655200 	1.65
657000 	1.65
658800 	1.65
660600 	1.65
662400 	1.55
664200 	1.55
666000 	1.55
667800 	1.55
669600 	1.55
671400 	1.55
673200 	1.55
675000 	1.55
676800 	1.55
678600 	1.55
680400 	1.55
682200 	1.55
684000 	1.55
685800 	1.55
687600 	1.55
689400 	1.55
691200 	1.55
693000 	1.55
694800 	1.55
696600 	1.55
698400 	1.55
700200 	1.55
702000 	1.55
703800 	1.57
705600 	1.52
707400 	1.52
709200 	1.51
711000 	2.39
712800 	1.55
714600 	1.56
716400 	1.56
718200 	1.64
720000 	3.55
721800 	1.54
723600 	1.54
725400 	1.53
727200 	1.54
729000 	1.53
730800 	1.53
732600 	1.53
734400 	1.53
736200 	1.53
738000 	1.53
739800 	1.54
741600 	1.54
743400 	1.54
745200 	1.54
747000 	1.54
748800 	1.54
750600 	1.54
752400 	1.54
754200 	1.54
756000 	1.54
757800 	1.54
759600 	1.54
761400 	1.54
763200 	1.54
765000 	1.54
766800 	1.54
768600 	1.54
770400 	1.54
772200 	1.54
774000 	1.54
775800 	1.54
777600 	1.54
779400 	1.54
781200 	1.54
783000 	1.58
784800 	1.60
786600 	1.57
788400 	1.56
790200 	1.55
792000 	1.55
793800 	1.56
795600 	1.62
797400 	1.81
799200 	2.20
801000 	1.93
802800 	1.61
804600 	1.60
806400 	1.53
808200 	1.52
810000 	1.51
811800 	1.50
813600 	1.49
815400 	1.49
817200 	1.48
819000 	1.46
820800 	1.46
822600 	1.46
824400 	1.46
826200 	1.47
828000 	1.47
829800 	1.47
831600 	1.47
833400 	1.47
835200 	1.47
837000 	1.47
838800 	1.47
840600 	1.47
842400 	1.47
844200 	1.47
846000 	1.47
847800 	1.47
849600 	1.47
851400 	1.47
853200 	1.47
855000 	1.47
856800 	1.47
858600 	1.47
860400 	1.47
862200 	1.47
864000 	1.47
865800 	1.47
867600 	1.49
869400 	1.48
871200 	1.48
873000 	1.48
874800 	1.49
876600 	1.47
878400 	1.49
880200 	1.48
882000 	1.48
883800 	1.47
885600 	1.47
887400 	1.46
889200 	1.46
891000 	1.45
892800 	1.45
894600 	1.45
896400 	1.45
898200 	1.45
900000 	1.45
901800 	1.45
903600 	1.45
905400 	1.45
907200 	1.45
909000 	1.45
910800 	1.45
912600 	1.45
914400 	1.45
916200 	1.45
918000 	1.45
919800 	1.45
921600 	1.45
923400 	1.45
925200 	1.45
927000 	1.45
928800 	1.45
930600 	1.45
932400 	1.45
934200 	1.45
936000 	1.45
937800 	1.45
939600 	1.45
941400 	1.45
943200 	1.45
945000 	1.45
946800 	1.45
948600 	1.45
950400 	1.45
952200 	1.45
954000 	1.45
955800 	1.45
957600 	1.45
959400 	1.45
961200 	1.45
963000 	1.45
964800 	1.45
966600 	1.45
968400 	1.45
970200 	1.45
972000 	1.45
973800 	1.45
975600 	1.45
977400 	1.45
979200 	1.45
981000 	1.45
982800 	1.45
984600 	1.45
986400 	1.45
988200 	1.45
990000 	1.45
991800 	1.45
993600 	1.46
995400 	1.46
997200 	1.46
999000 	1.46
1000800 	1.46
1002600 	1.46
1004400 	1.46
1006200 	1.46
1008000 	1.46
1009800 	1.46
1011600 	1.46
1013400 	1.46
1015200 	1.46
1017000 	1.46
1018800 	1.46
1020600 	1.46
1022400 	1.46
1024200 	1.46
1026000 	1.46
1027800 	1.46
1029600 	1.46
1031400 	1.46
1033200 	1.46
1035000 	1.46
1036800 	1.46
1038600 	1.46
1040400 	1.46
1042200 	1.46
1044000 	1.46
1045800 	1.46
1047600 	1.46
1049400 	1.46
1051200 	1.46
1053000 	1.46
1054800 	1.46
1056600 	1.46
1058400 	1.46
1060200 	1.46
1062000 	1.46
1063800 	1.46
1065600 	1.46
1067400 	1.46
1069200 	1.46
1071000 	1.46
1072800 	1.46
1074600 	1.46
1076400 	1.46
1078200 	1.46
1080000 	1.46
1081800 	1.46
1083600 	1.46
1085400 	1.46
1087200 	1.46
1089000 	1.46
1090800 	1.46
1092600 	1.46
1094400 	1.46
1096200 	1.46
1098000 	1.46
1099800 	1.46
1101600 	1.46
1103400 	1.46
1105200 	1.46
1107000 	1.46
1108800 	1.46
1110600 	1.46
1112400 	1.46
1114200 	1.46
1116000 	1.46
1117800 	1.46
1119600 	1.46
1121400 	1.46
1123200 	1.46
1125000 	1.46
1126800 	1.46
1128600 	1.46
1130400 	1.46
1132200 	1.46
1134000 	1.45
1135800 	1.46
1137600 	1.58
1139400 	1.58
1141200 	1.65
1143000 	1.65
1144800 	1.55
1146600 	1.55
1148400 	1.52
1150200 	1.61
1152000 	1.51
1153800 	1.51
1155600 	1.51
1157400 	1.51
1159200 	1.51
1161000 	1.51
1162800 	1.51
1164600 	1.51
1166400 	1.51
1168200 	1.51
1170000 	1.51
1171800 	1.51
1173600 	1.51
1175400 	1.51
1177200 	1.51
1179000 	1.51
1180800 	1.51
1182600 	1.51
1184400 	1.51
1186200 	1.51
1188000 	1.51
1189800 	1.51
1191600 	1.51
1193400 	1.51
1195200 	1.51
1197000 	1.51
1198800 	1.51
1200600 	1.51
1202400 	1.51
1204200 	1.51
1206000 	1.51
1207800 	1.51
1209600 	1.51
1211400 	1.60
1213200 	1.60
1215000 	1.54
1216800 	1.53
1218600 	1.53
1220400 	1.53
1222200 	1.52
1224000 	1.51
1225800 	1.51
1227600 	1.50
1229400 	1.49
1231200 	1.49
1233000 	1.49
1234800 	1.49
1236600 	1.49
1238400 	1.44
1240200 	1.44
1242000 	1.44
1243800 	1.44
1245600 	1.44
1247400 	1.44
1249200 	1.44
1251000 	1.44
1252800 	1.44
1254600 	1.44
1256400 	1.44
1258200 	1.44
1260000 	1.44
1261800 	1.44
1263600 	1.44
1265400 	1.44
1267200 	1.44
1269000 	1.44
1270800 	1.44
1272600 	1.44
1274400 	1.44
1276200 	1.44
1278000 	1.44
1279800 	1.44
1281600 	1.44
1283400 	1.44
1285200 	1.44
1287000 	1.44
1288800 	1.44
1290600 	1.44
1292400 	1.44
1294200 	1.44
1296000 	1.44
1297800 	1.44
1299600 	1.44
1301400 	1.44
1303200 	1.44
1305000 	1.44
1306800 	1.46
1308600 	1.46
1310400 	1.47
1312200 	1.47
1314000 	1.46
1315800 	1.45
1317600 	1.45
1319400 	1.45
1321200 	1.44
1323000 	1.44
1324800 	1.44
1326600 	1.44
1328400 	1.44
1330200 	1.44
1332000 	1.44
1333800 	1.44
1335600 	1.44
1337400 	1.44
1339200 	1.44
1341000 	1.44
1342800 	1.44
1344600 	1.44
1346400 	1.44
1348200 	1.44
1350000 	1.44
1351800 	1.44
1353600 	1.44
1355400 	1.44
1357200 	1.44
1359000 	1.44
1360800 	1.44
1362600 	1.44
1364400 	1.44
1366200 	1.44
1368000 	1.44
1369800 	1.44
1371600 	1.44
1373400 	1.44
1375200 	1.44
1377000 	1.44
1378800 	1.44
1380600 	1.44
1382400 	1.47
1384200 	1.53
1386000 	1.52
1387800 	1.51
1389600 	1.51
1391400 	1.50
1393200 	1.49
1395000 	1.47
1396800 	1.46
1398600 	1.45
1400400 	1.46
1402200 	1.48
1404000 	1.48
1405800 	1.47
1407600 	1.46
1409400 	1.45
1411200 	1.45
1413000 	1.45
1414800 	1.45
1416600 	1.45
1418400 	1.45
1420200 	1.45
1422000 	1.45
1423800 	1.45
1425600 	1.45
1427400 	1.45
1429200 	1.45
1431000 	1.45
1432800 	1.45
1434600 	1.45
1436400 	1.45
1438200 	1.45
1440000 	1.45
1441800 	1.45
1443600 	1.45
1445400 	1.45
1447200 	1.45
1449000 	1.45
1450800 	1.45
1452600 	1.45
1454400 	1.45
1456200 	1.45
1458000 	1.45
1459800 	1.45
1461600 	1.45
1463400 	1.45
1465200 	1.45
1467000 	1.81
1468800 	1.56
1470600 	1.54
1472400 	1.51
1474200 	1.50
1476000 	1.47
1477800 	1.47
1479600 	1.47
1481400 	1.46
1483200 	1.45
1485000 	1.44
1486800 	1.44
1488600 	1.44
1490400 	1.44
1492200 	1.44
1494000 	1.43
1495800 	1.43
1497600 	1.43
1499400 	1.43
1501200 	1.43
1503000 	1.43
1504800 	1.43
1506600 	1.43
1508400 	1.43
1510200 	1.43
1512000 	1.43
1513800 	1.43
1515600 	1.43
1517400 	1.43
1519200 	1.43
1521000 	1.43
1522800 	1.43
1524600 	1.43
1526400 	1.43
1528200 	1.43
1530000 	1.43
1531800 	1.43
1533600 	1.43
1535400 	1.43
1537200 	1.43
1539000 	1.43
1540800 	1.43
1542600 	1.43
1544400 	1.43
1546200 	1.43
1548000 	1.43
1549800 	1.43
1551600 	1.43
1553400 	1.43
1555200 	1.43
1557000 	1.43
1558800 	1.43
1560600 	1.43
1562400 	1.43
1564200 	1.43
1566000 	1.43
1567800 	1.43
1569600 	1.46
1571400 	1.46
1573200 	1.46
1575000 	1.46
1576800 	1.46
1578600 	1.46
1580400 	1.46
1582200 	1.46
1584000 	1.46
1585800 	1.46
1587600 	1.46
1589400 	1.46
1591200 	1.46
1593000 	1.46
1594800 	1.46
1596600 	1.46
1598400 	1.46
1600200 	1.46
1602000 	1.46
1603800 	1.46
1605600 	1.46
1607400 	1.46
1609200 	1.46
1611000 	1.46
1612800 	1.46
1614600 	1.46
1616400 	1.46
1618200 	1.46
1620000 	1.46
1621800 	1.46
1623600 	1.46
1625400 	1.46
1627200 	1.46
1629000 	1.46
1630800 	1.46
1632600 	1.46
1634400 	1.46
1636200 	1.46
1638000 	1.46
1639800 	1.46
1641600 	1.46
1643400 	1.46
1645200 	1.46
1647000 	1.46
1648800 	1.46
1650600 	1.46
1652400 	1.46
1654200 	1.46
1656000 	1.46
1657800 	1.46
1659600 	1.46
1661400 	1.49
1663200 	1.49
1665000 	1.49
1666800 	1.49
1668600 	1.49
1670400 	1.49
1672200 	1.49
1674000 	1.49
1675800 	1.49
1677600 	1.49
1679400 	1.49
1681200 	1.49
1683000 	1.49
1684800 	1.49
1686600 	1.49
1688400 	1.49
1690200 	1.49
1692000 	1.49
1693800 	1.49
1695600 	1.49
1697400 	1.49
1699200 	1.49
1701000 	1.49
1702800 	1.49
1704600 	1.49
1706400 	1.49
1708200 	1.49
1710000 	1.49
1711800 	1.49
1713600 	1.49
1715400 	1.49
1717200 	1.49
1719000 	1.49
1720800 	1.49
1722600 	1.49
1724400 	1.49
1726200 	1.49
1728000 	1.49
1729800 	1.49
1731600 	1.49
1733400 	1.49
1735200 	1.49
1737000 	1.49
1738800 	1.52
1740600 	1.58
1742400 	1.57
1744200 	1.56
1746000 	1.56
1747800 	1.55
1749600 	1.54
1751400 	1.53
1753200 	1.53
1755000 	1.53
1756800 	1.53
1758600 	1.53
1760400 	1.53
1762200 	1.53
1764000 	1.53
1765800 	1.53
1767600 	1.53
1769400 	1.53
1771200 	1.53
1773000 	1.53
1774800 	1.54
1776600 	1.53
1778400 	1.53
1780200 	1.53
1782000 	1.53
1783800 	1.53
1785600 	1.53
1787400 	1.53
1789200 	1.53
1791000 	1.53
1792800 	1.53
1794600 	1.53
1796400 	1.53
1798200 	1.53
1800000 	1.53
1801800 	1.53
1803600 	1.53
1805400 	1.53
1807200 	1.53
1809000 	1.53
1810800 	1.53
1812600 	1.64
1814400 	1.70
1816200 	1.70
1818000 	1.70
1819800 	1.83
1821600 	1.73
1823400 	1.68
1825200 	1.64
1827000 	1.63
1828800 	1.63
1830600 	1.63
1832400 	1.59
1834200 	1.59
1836000 	1.59
1837800 	1.58
1839600 	1.52
1841400 	1.52
1843200 	1.51
1845000 	1.51
1846800 	1.51
1848600 	1.51
1850400 	1.51
1852200 	1.51
1854000 	1.51
1855800 	1.51
1857600 	1.51
1859400 	1.51
1861200 	1.51
1863000 	1.51
1864800 	1.51
1866600 	1.51
1868400 	1.51
1870200 	1.51
1872000 	1.51
1873800 	1.51
1875600 	1.51
1877400 	1.51
1879200 	1.51
1881000 	1.51
1882800 	1.51
1884600 	1.51
1886400 	1.51
1888200 	1.51
1890000 	1.51
1891800 	1.51
1893600 	1.51
1895400 	1.51
1897200 	1.51
1899000 	1.51
1900800 	1.51
1902600 	1.51
1904400 	1.51
1906200 	1.51
1908000 	1.51
1909800 	1.51
1911600 	1.56
1913400 	1.56
1915200 	1.57
1917000 	1.56
1918800 	1.56
1920600 	1.56
1922400 	1.56
1924200 	1.56
1926000 	1.59
1927800 	1.60
1929600 	1.98
1931400 	1.98
1933200 	1.98
1935000 	1.98
1936800 	1.98
1938600 	1.98
1940400 	1.98
1942200 	1.98
1944000 	1.98
1945800 	1.98
1947600 	1.98
1949400 	1.98
1951200 	1.98
1953000 	1.98
1954800 	1.98
1956600 	1.98
1958400 	1.98
1960200 	1.98
1962000 	1.98
1963800 	1.98
1965600 	1.98
1967400 	1.98
1969200 	1.98
1971000 	1.98
1972800 	1.98
1974600 	1.98
1976400 	1.98
1978200 	1.98
1980000 	1.98
1981800 	1.98
1983600 	1.98
1985400 	1.98
1987200 	1.98
1989000 	1.98
1990800 	1.98
1992600 	1.98
1994400 	1.57
1996200 	1.57
1998000 	1.57
1999800 	1.57
2001600 	1.58
2003400 	1.58
2005200 	1.58
2007000 	1.58
2008800 	1.57
2010600 	1.57
2012400 	1.57
2014200 	1.57
2016000 	1.58
2017800 	1.59
2019600 	1.59
2021400 	1.59
2023200 	1.59
2025000 	1.59
2026800 	1.59
2028600 	1.59
2030400 	1.59
2032200 	1.59
2034000 	1.59
2035800 	1.59
2037600 	1.59
2039400 	1.59
2041200 	1.59
2043000 	1.59
2044800 	1.59
2046600 	1.59
2048400 	1.59
2050200 	1.59
2052000 	1.59
2053800 	1.59
2055600 	1.59
2057400 	1.59
2059200 	1.59
2061000 	1.59
2062800 	1.59
2064600 	1.59
2066400 	1.59
2068200 	1.59
2070000 	1.59
2071800 	1.59
2073600 	1.58
2075400 	1.56
2077200 	1.56
2079000 	2.82
2080800 	2.06
2082600 	2.06
2084400 	2.07
2086200 	2.07
2088000 	2.08
2089800 	1.94
2091600 	1.94
2093400 	1.95
2095200 	2.11
2097000 	5.25
2098800 	1.94
2100600 	1.83
2102400 	1.82
2104200 	1.82
2106000 	1.82
2107800 	1.82
2109600 	1.82
2111400 	1.82
2113200 	1.82
2115000 	1.82
2116800 	1.82
2118600 	1.82
2120400 	1.82
2122200 	1.82
2124000 	1.82
2125800 	1.82
2127600 	1.82
2129400 	1.82
2131200 	1.82
2133000 	1.82
2134800 	1.82
2136600 	1.82
2138400 	1.82
2140200 	1.82
2142000 	1.82
2143800 	1.82
2145600 	1.82
2147400 	1.82
2149200 	1.82
2151000 	1.82
2152800 	1.82
2154600 	1.82
2156400 	1.82
2158200 	1.82
2160000 	1.82
2161800 	1.82
2163600 	1.82
2165400 	1.82
2167200 	1.82
2169000 	1.82
2170800 	1.82
2172600 	1.82
2174400 	1.82
2176200 	1.82
2178000 	1.82
2179800 	1.82
2181600 	1.82
2183400 	1.82
2185200 	1.82
2187000 	1.82
2188800 	1.82
2190600 	1.82
2192400 	1.82
2194200 	1.82
2196000 	1.82
2197800 	1.82
2199600 	1.82
2201400 	1.82
2203200 	1.82
2205000 	1.82
2206800 	1.82
2208600 	1.82
2210400 	1.82
2212200 	1.82
2214000 	1.82
2215800 	1.82
2217600 	1.82
2219400 	1.82
2221200 	1.82
2223000 	1.82
2224800 	1.82
2226600 	1.82
2228400 	1.82
2230200 	1.82
2232000 	1.82
2233800 	1.82
2235600 	1.82
2237400 	1.82
2239200 	1.82
2241000 	1.82
2242800 	1.82
2244600 	1.82
2246400 	1.82
2248200 	1.82
2250000 	1.82
2251800 	1.82
2253600 	1.82
2255400 	1.82
2257200 	1.82
2259000 	1.82
2260800 	1.82
2262600 	1.82
2264400 	1.81
2266200 	1.81
2268000 	1.81
2269800 	1.81
2271600 	1.81
2273400 	1.81
2275200 	1.81
2277000 	1.81
2278800 	1.81
2280600 	1.81
2282400 	1.81
2284200 	1.81
2286000 	1.81
2287800 	1.81
2289600 	1.81
2291400 	1.81
2293200 	1.81
2295000 	1.81
2296800 	1.81
2298600 	1.81
2300400 	1.81
2302200 	1.81
2304000 	1.81
2305800 	1.81
2307600 	1.81
2309400 	1.81
2311200 	1.81
2313000 	1.81
2314800 	1.81
2316600 	1.81
2318400 	1.81
2320200 	1.81
2322000 	1.81
2323800 	1.81
2325600 	1.81
2327400 	1.81
2329200 	1.81
2331000 	1.81
2332800 	1.81
2334600 	1.81
2336400 	1.80
2338200 	1.80
2340000 	1.80
2341800 	1.80
2343600 	1.99
2345400 	1.99
2347200 	2.01
2349000 	2.01
2350800 	2.14
2352600 	2.14
2354400 	2.14
2356200 	2.49
2358000 	1.95
2359800 	1.87
2361600 	1.78
2363400 	1.67
2365200 	1.64
2367000 	1.62
2368800 	1.61
2370600 	1.61
2372400 	1.61
2374200 	1.61
2376000 	1.61
2377800 	1.61
2379600 	1.61
2381400 	1.61
2383200 	1.61
2385000 	1.61
2386800 	1.61
2388600 	1.61
2390400 	1.61
2392200 	1.61
2394000 	1.61
2395800 	1.61
2397600 	1.61
2399400 	1.61
2401200 	1.61
2403000 	1.61
2404800 	1.61
2406600 	1.61
2408400 	1.61
2410200 	1.61
2412000 	1.61
2413800 	1.61
2415600 	1.61
2417400 	1.57
2419200 	1.57
2421000 	1.56
2422800 	1.57
2424600 	1.58
2426400 	1.66
2428200 	1.76
2430000 	1.72
2431800 	1.71
2433600 	1.72
2435400 	1.72
2437200 	1.72
2439000 	1.71
2440800 	1.71
2442600 	1.71
2444400 	1.71
2446200 	1.69
2448000 	1.71
2449800 	1.72
2451600 	1.73
2453400 	1.72
2455200 	1.72
2457000 	1.72
2458800 	1.72
2460600 	1.72
2462400 	1.72
2464200 	1.72
2466000 	1.72
2467800 	1.72
2469600 	1.72
2471400 	1.72
2473200 	1.72
2475000 	1.72
2476800 	1.72
2478600 	1.72
2480400 	1.72
2482200 	1.72
2484000 	1.72
2485800 	1.72
2487600 	1.72
2489400 	1.72
2491200 	1.72
2493000 	1.72
2494800 	1.72
2496600 	1.72
2498400 	1.72
2500200 	1.72
2502000 	1.72
2503800 	1.72
2505600 	1.72
2507400 	1.71
2509200 	1.72
2511000 	1.72
2512800 	1.82
2514600 	1.83
2516400 	1.80
2518200 	1.79
2520000 	2.83
2521800 	2.83
2523600 	1.77
2525400 	1.75
2527200 	1.69
2529000 	1.68
2530800 	1.67
2532600 	1.65
2534400 	1.65
2536200 	1.65
2538000 	1.65
2539800 	1.64
2541600 	1.64
2543400 	1.65
2545200 	1.65
2547000 	1.65
2548800 	1.65
2550600 	1.65
2552400 	1.64
2554200 	1.64
2556000 	1.64
2557800 	1.64
2559600 	1.64
2561400 	1.64
2563200 	1.64
2565000 	1.64
2566800 	1.64
2568600 	1.64
2570400 	1.64
2572200 	1.64
2574000 	1.64
2575800 	1.64
2577600 	1.64
2579400 	1.64
2581200 	1.64
2583000 	1.64
2584800 	1.64
2586600 	1.64
2588400 	1.64
2590200 	1.61
2592000 	1.60
2593800 	1.60
2595600 	1.61
2597400 	1.66
2599200 	1.74
2601000 	1.88
2602800 	1.88
2604600 	1.87
2606400 	1.95
2608200 	2.51
2610000 	3.51
2611800 	3.51
2613600 	3.50
2615400 	3.49
2617200 	1.71
2619000 	1.68
2620800 	1.63
2622600 	1.61
2624400 	1.60
2626200 	1.60
2628000 	1.60
2629800 	1.60
2631600 	1.60
2633400 	1.60
2635200 	1.60
2637000 	1.60
2638800 	1.60
2640600 	1.60
2642400 	1.60
2644200 	1.60
2646000 	1.60
2647800 	1.60
2649600 	1.60
2651400 	1.60
2653200 	1.60
2655000 	1.60
2656800 	1.60
2658600 	1.60
2660400 	1.60
2662200 	1.60
2664000 	1.60
2665800 	1.60
2667600 	1.60
2669400 	1.60
2671200 	1.60
2673000 	1.60
2674800 	1.60
2676600 	1.60
2678400 	1.60
2680200 	1.64
2682000 	1.64
2683800 	2.20
2685600 	59.53
2687400 	2.97
2689200 	2.20
2691000 	2.19
2692800 	2.18
2694600 	2.18
2696400 	2.18
2698200 	2.18
2700000 	2.16
2701800 	2.16
2703600 	2.16
2705400 	2.15
2707200 	2.15
2709000 	2.15
2710800 	2.15
2712600 	2.15
2714400 	2.15
2716200 	2.15
2718000 	2.15
2719800 	2.15
2721600 	2.15
2723400 	2.15
2725200 	2.15
2727000 	2.15
2728800 	2.15
2730600 	2.15
2732400 	2.15
2734200 	2.15
2736000 	2.15
2737800 	2.15
2739600 	2.15
2741400 	2.15
2743200 	2.15
2745000 	2.15
2746800 	2.15
2748600 	2.15
2750400 	2.15
2752200 	2.15
2754000 	2.15
2755800 	2.15
2757600 	2.15
2759400 	2.15
2761200 	2.15
2763000 	2.15
2764800 	2.15
2766600 	2.15
2768400 	2.15
2770200 	2.15
2772000 	2.15
2773800 	2.15
2775600 	2.15
2777400 	2.15
2779200 	2.15
2781000 	2.15
2782800 	2.15
2784600 	2.16
2786400 	2.37
2788200 	2.33
2790000 	2.32
2791800 	2.32
2793600 	2.32
2795400 	2.32
2797200 	2.32
2799000 	2.32
2800800 	2.32
2802600 	2.32
2804400 	2.32
2806200 	2.33
2808000 	2.33
2809800 	2.33
2811600 	2.33
2813400 	2.33
2815200 	2.33
2817000 	2.33
2818800 	2.33
2820600 	2.33
2822400 	2.34
2824200 	2.34
2826000 	2.34
2827800 	2.34
2829600 	2.34
2831400 	2.34
2833200 	2.34
2835000 	2.34
2836800 	2.34
2838600 	2.34
2840400 	2.34
2842200 	2.34
2844000 	2.34
2845800 	2.34
2847600 	2.34
2849400 	2.34
2851200 	2.34
2853000 	2.34
2854800 	2.34
2856600 	2.34
2858400 	2.34
2860200 	2.34
2862000 	2.34
2863800 	2.34
2865600 	2.34
2867400 	2.34
2869200 	2.34
2871000 	2.34
2872800 	2.34
2874600 	2.34
2876400 	2.36
2878200 	2.36
2880000 	2.36
2881800 	2.36
2883600 	2.36
2885400 	2.36
2887200 	2.81
2889000 	2.81
2890800 	2.81
2892600 	2.81
2894400 	2.81
2896200 	2.81
2898000 	2.81
2899800 	2.81
2901600 	2.81
2903400 	2.81
2905200 	2.81
2907000 	2.81
2908800 	2.81
2910600 	2.81
2912400 	2.81
2914200 	2.81
2916000 	2.81
2917800 	2.81
2919600 	2.81
2921400 	2.81
2923200 	2.81
2925000 	2.81
2926800 	2.81
2928600 	2.81
2930400 	2.81
2932200 	2.81
2934000 	2.81
2935800 	2.81
2937600 	2.81
2939400 	2.81
2941200 	2.81
2943000 	2.81
2944800 	2.81
2946600 	2.82
2948400 	2.80
2950200 	2.81
2952000 	2.81
2953800 	2.82
2955600 	2.82
2957400 	2.89
2959200 	2.90
2961000 	2.92
2962800 	2.92
2964600 	2.92
2966400 	2.93
2968200 	2.95
2970000 	2.95
2971800 	2.96
2973600 	2.96
2975400 	2.96
2977200 	2.97
2979000 	2.97
2980800 	2.97
2982600 	2.97
2984400 	2.97
2986200 	2.98
2988000 	2.98
2989800 	2.98
2991600 	2.98
2993400 	2.98
2995200 	2.98
2997000 	2.98
2998800 	2.98
3000600 	2.98
3002400 	2.98
3004200 	2.98
3006000 	2.97
3007800 	2.97
3009600 	2.97
3011400 	2.97
3013200 	2.97
3015000 	2.98
3016800 	2.98
3018600 	2.98
3020400 	2.98
3022200 	2.98
3024000 	2.98
3025800 	2.92
3027600 	2.93
3029400 	2.30
3031200 	2.31
3033000 	2.33
3034800 	2.36
3036600 	2.37
3038400 	2.55
3040200 	2.56
3042000 	2.66
3043800 	3.07
3045600 	4.08
3047400 	61.98
3049200 	28.77
3051000 	28.57
3052800 	59.98
3054600 	5.38
3056400 	2.88
3058200 	2.58
3060000 	2.31
3061800 	2.24
3063600 	2.24
3065400 	2.22
3067200 	2.20
3069000 	2.17
3070800 	2.12
3072600 	2.05
3074400 	2.04
3076200 	2.04
3078000 	2.07
3079800 	2.07
3081600 	2.07
3083400 	2.07
3085200 	2.07
3087000 	2.07
3088800 	2.06
3090600 	2.06
3092400 	2.06
3094200 	2.06
3096000 	2.06
3097800 	2.05
3099600 	2.05
3101400 	2.05
3103200 	2.05
3105000 	2.05
3106800 	2.05
3108600 	2.05
3110400 	2.05
3112200 	2.06
3114000 	2.06
3115800 	2.24
3117600 	2.17
3119400 	16.89
3121200 	3.39
3123000 	2.53
3124800 	2.19
3126600 	2.00
3128400 	1.88
3130200 	1.86
3132000 	1.81
3133800 	1.78
3135600 	1.78
3137400 	1.85
3139200 	2.04
3141000 	2.57
3142800 	3.16
3144600 	2.00
3146400 	2.00
3148200 	2.00
3150000 	1.99
3151800 	1.99
3153600 	1.99
3155400 	1.99
3157200 	1.99
3159000 	1.99
3160800 	1.99
3162600 	1.99
3164400 	1.99
3166200 	1.99
3168000 	1.99
3169800 	1.99
3171600 	1.99
3173400 	1.99
3175200 	1.99
3177000 	1.99
3178800 	1.99
3180600 	1.99
3182400 	1.99
3184200 	1.99
3186000 	1.99
3187800 	1.99
3189600 	1.99
3191400 	1.99
3193200 	1.99
3195000 	1.98
3196800 	1.98
3198600 	1.98
3200400 	1.99
3202200 	5.47
3204000 	2.10
3205800 	2.01
3207600 	2.01
3209400 	2.05
3211200 	2.20
3213000 	2.70
3214800 	47.83
3216600 	5.21
3218400 	2.07
3220200 	2.07
3222000 	2.07
3223800 	2.07
3225600 	2.08
3227400 	1.91
3229200 	1.88
3231000 	1.83
3232800 	1.80
3234600 	1.78
3236400 	1.77
3238200 	1.77
3240000 	1.77
3241800 	1.76
3243600 	1.76
3245400 	1.76
3247200 	1.76
3249000 	1.76
3250800 	1.76
3252600 	1.76
3254400 	1.76
3256200 	1.76
3258000 	1.76
3259800 	1.76
3261600 	1.76
3263400 	1.76
3265200 	1.76
3267000 	1.76
3268800 	1.76
3270600 	1.76
3272400 	1.76
3274200 	1.76
3276000 	1.76
3277800 	1.76
3279600 	1.76
3281400 	1.76
3283200 	1.78
3285000 	1.78
3286800 	1.77
3288600 	1.77
3290400 	3.10
3292200 	4.27
3294000 	4.28
3295800 	4.28
3297600 	3.49
3299400 	2.50
3301200 	2.18
3303000 	2.18
3304800 	1.87
3306600 	1.81
3308400 	1.74
3310200 	1.71
3312000 	1.69
3313800 	1.69
3315600 	1.69
3317400 	1.69
3319200 	1.69
3321000 	1.68
3322800 	1.68
3324600 	1.68
3326400 	1.68
3328200 	1.68
3330000 	1.68
3331800 	1.68
3333600 	1.68
3335400 	1.68
3337200 	1.68
3339000 	1.68
3340800 	1.68
3342600 	1.68
3344400 	1.68
3346200 	1.68
3348000 	1.68
3349800 	1.68
3351600 	1.68
3353400 	1.68
3355200 	1.68
3357000 	1.68
3358800 	1.68
3360600 	1.68
3362400 	1.68
3364200 	1.68
3366000 	1.68
3367800 	1.68
3369600 	1.68
3371400 	1.68
3373200 	1.68
3375000 	1.68
3376800 	1.68
3378600 	1.68
3380400 	1.68
3382200 	1.68
3384000 	1.68
3385800 	1.68
3387600 	1.68
3389400 	1.68
3391200 	1.68
3393000 	1.68
3394800 	1.68
3396600 	1.68
3398400 	1.68
3400200 	1.68
3402000 	1.68
3403800 	1.68
3405600 	1.68
3407400 	1.68
3409200 	1.68
3411000 	1.67
3412800 	1.67
3414600 	1.67
3416400 	1.67
3418200 	1.67
3420000 	1.67
3421800 	1.67
3423600 	1.67
3425400 	1.67
3427200 	1.67
3429000 	1.67
3430800 	1.67
3432600 	1.67
3434400 	1.67
3436200 	1.67
3438000 	1.67
3439800 	1.67
3441600 	1.67
3443400 	1.67
3445200 	1.67
3447000 	1.67
3448800 	1.67
3450600 	1.67
3452400 	1.67
3454200 	1.67
3456000 	1.67
3457800 	1.67
3459600 	1.67
3461400 	1.67
3463200 	1.67
3465000 	1.67
3466800 	1.67
3468600 	1.67
3470400 	1.67
3472200 	1.67
3474000 	1.67
3475800 	1.67
3477600 	1.68
3479400 	1.67
3481200 	1.67
3483000 	1.67
3484800 	1.67
3486600 	1.67
3488400 	1.67
3490200 	1.67
3492000 	1.67
3493800 	1.67
3495600 	1.67
3497400 	1.67
3499200 	1.67
3501000 	1.67
3502800 	1.67
3504600 	1.67
3506400 	1.67
3508200 	1.67
3510000 	1.67
3511800 	1.67
3513600 	1.67
3515400 	1.67
3517200 	1.67
3519000 	1.67
3520800 	1.67
3522600 	1.67
3524400 	1.67
3526200 	1.67
3528000 	1.67
3529800 	1.67
3531600 	1.67
3533400 	1.67
3535200 	1.67
3537000 	1.67
3538800 	1.67
3540600 	1.67
3542400 	1.67
3544200 	1.67
3546000 	1.66
3547800 	1.63
3549600 	1.60
3551400 	1.59
3553200 	1.58
3555000 	1.91
3556800 	1.83
3558600 	1.83
3560400 	1.82
3562200 	1.82
3564000 	1.75
3565800 	1.74
3567600 	1.68
3569400 	1.64
3571200 	1.61
3573000 	1.59
3574800 	1.55
3576600 	1.55
3578400 	1.54
3580200 	1.53
3582000 	1.52
3583800 	1.52
3585600 	1.52
3587400 	1.52
3589200 	1.52
3591000 	1.51
3592800 	1.51
3594600 	1.51
3596400 	1.51
3598200 	1.51
3600000 	1.51
3601800 	1.51
3603600 	1.51
3605400 	1.51
3607200 	1.51
3609000 	1.51
3610800 	1.51
3612600 	1.51
3614400 	1.51
3616200 	1.51
3618000 	1.51
3619800 	1.51
3621600 	1.51
3623400 	1.51
3625200 	1.51
3627000 	1.51
3628800 	1.52
3630600 	1.52
3632400 	1.52
3634200 	1.51
3636000 	1.51
3637800 	1.51
3639600 	1.51
3641400 	1.50
3643200 	1.50
3645000 	1.49
3646800 	1.48
3648600 	1.48
3650400 	1.48
3652200 	1.47
3654000 	1.47
3655800 	1.46
3657600 	1.46
3659400 	1.46
3661200 	1.46
3663000 	1.45
3664800 	1.45
3666600 	1.45
3668400 	1.45
3670200 	1.45
3672000 	1.45
3673800 	1.45
3675600 	1.45
3677400 	1.45
3679200 	1.45
3681000 	1.45
3682800 	1.45
3684600 	1.45
3686400 	1.45
3688200 	1.45
3690000 	1.45
3691800 	1.45
3693600 	1.45
3695400 	1.45
3697200 	1.45
3699000 	1.45
3700800 	1.45
3702600 	1.45
3704400 	1.45
3706200 	1.45
3708000 	1.45
3709800 	1.45
3711600 	1.45
3713400 	1.45
3715200 	1.45
3717000 	1.45
3718800 	1.45
3720600 	1.45
3722400 	1.45
3724200 	1.45
3726000 	1.45
3727800 	1.46
3729600 	1.46
3731400 	1.45
3733200 	1.45
3735000 	1.45
3736800 	1.45
3738600 	1.45
3740400 	1.45
3742200 	1.45
3744000 	1.45
3745800 	1.45
3747600 	1.45
3749400 	1.45
3751200 	1.45
3753000 	1.45
3754800 	1.45
3756600 	1.45
3758400 	1.45
3760200 	1.45
3762000 	1.45
3763800 	1.45
3765600 	1.45
3767400 	1.45
3769200 	1.45
3771000 	1.45
3772800 	1.45
3774600 	1.45
3776400 	1.45
3778200 	1.45
3780000 	1.45
3781800 	1.45
3783600 	1.45
3785400 	1.45
3787200 	1.45
3789000 	1.45
3790800 	1.45
3792600 	1.45
3794400 	1.45
3796200 	1.45
3798000 	1.45
3799800 	1.45
3801600 	1.45
3803400 	1.45
3805200 	1.45
3807000 	1.45
3808800 	1.45
3810600 	1.45
3812400 	1.46
3814200 	1.46
3816000 	1.45
3817800 	1.45
3819600 	1.45
3821400 	1.45
3823200 	1.45
3825000 	1.45
3826800 	1.45
3828600 	1.45
3830400 	1.45
3832200 	1.44
3834000 	1.44
3835800 	1.44
3837600 	1.44
3839400 	1.44
3841200 	1.44
3843000 	1.44
3844800 	1.44
3846600 	1.44
3848400 	1.44
3850200 	1.44
3852000 	1.44
3853800 	1.44
3855600 	1.44
3857400 	1.44
3859200 	1.44
3861000 	1.44
3862800 	1.44
3864600 	1.44
3866400 	1.44
3868200 	1.44
3870000 	1.44
3871800 	1.44
3873600 	1.44
3875400 	1.44
3877200 	1.44
3879000 	1.44
3880800 	1.44
3882600 	1.44
3884400 	1.44
3886200 	1.44
3888000 	1.44
3889800 	1.44
3891600 	1.44
3893400 	1.44
3895200 	1.44
3897000 	1.44
3898800 	1.44
3900600 	1.44
3902400 	1.44
3904200 	1.44
3906000 	1.44
3907800 	1.44
3909600 	1.44
3911400 	1.44
3913200 	1.44
3915000 	1.44
3916800 	1.44
3918600 	1.44
3920400 	1.44
3922200 	1.44
3924000 	1.44
3925800 	1.44
3927600 	1.44
3929400 	1.44
3931200 	1.44
3933000 	1.44
3934800 	1.44
3936600 	1.44
3938400 	1.44
3940200 	1.44
3942000 	1.44
3943800 	1.44
3945600 	1.44
3947400 	1.44
3949200 	1.44
3951000 	1.44
3952800 	1.44
3954600 	1.44
3956400 	1.44
3958200 	1.44
3960000 	1.44
3961800 	1.44
3963600 	1.44
3965400 	1.44
3967200 	1.44
3969000 	1.44
3970800 	1.44
3972600 	1.44
3974400 	1.44
3976200 	1.44
3978000 	1.44
3979800 	1.44
3981600 	1.44
3983400 	1.44
3985200 	1.44
3987000 	1.44
3988800 	1.44
3990600 	1.44
3992400 	1.44
3994200 	1.44
3996000 	1.44
3997800 	1.44
3999600 	1.44
4001400 	1.44
4003200 	1.44
4005000 	1.44
4006800 	1.44
4008600 	1.44
4010400 	1.44
4012200 	1.44
4014000 	1.44
4015800 	1.44
4017600 	1.44
4019400 	1.44
4021200 	1.44
4023000 	1.44
4024800 	1.44
4026600 	1.44
4028400 	1.44
4030200 	1.44
4032000 	1.44
4033800 	1.44
4035600 	1.44
4037400 	1.44
4039200 	1.44
4041000 	1.44
4042800 	1.44
4044600 	1.44
4046400 	1.44
4048200 	1.44
4050000 	1.44
4051800 	1.44
4053600 	1.44
4055400 	1.44
4057200 	1.44
4059000 	1.44
4060800 	1.44
4062600 	1.44
4064400 	1.44
4066200 	1.44
4068000 	1.44
4069800 	1.44
4071600 	1.44
4073400 	1.44
4075200 	1.44
4077000 	1.44
4078800 	1.44
4080600 	1.44
4082400 	1.44
4084200 	1.44
4086000 	1.44
4087800 	1.44
4089600 	1.44
4091400 	1.44
4093200 	1.44
4095000 	1.44
4096800 	1.44
4098600 	1.44
4100400 	1.44
4102200 	1.44
4104000 	1.44
4105800 	1.44
4107600 	1.44
4109400 	1.44
4111200 	1.44
4113000 	1.44
4114800 	1.46
4116600 	1.46
4118400 	1.46
4120200 	1.46
4122000 	1.46
4123800 	1.46
4125600 	1.46
4127400 	1.46
4129200 	1.46
4131000 	1.46
4132800 	1.46
4134600 	1.46
4136400 	1.46
4138200 	1.46
4140000 	1.46
4141800 	1.46
4143600 	1.46
4145400 	1.46
4147200 	1.46
4149000 	1.46
4150800 	1.47
4152600 	1.47
4154400 	1.47
4156200 	1.47
4158000 	1.47
4159800 	1.47
4161600 	1.47
4163400 	1.47
4165200 	1.47
4167000 	1.47
4168800 	1.48
4170600 	1.48
4172400 	1.47
4174200 	1.47
4176000 	1.47
4177800 	1.47
4179600 	1.47
4181400 	1.47
4183200 	1.47
4185000 	1.47
4186800 	1.47
4188600 	1.46
4190400 	1.46
4192200 	1.46
4194000 	1.46
4195800 	1.46
4197600 	1.46
4199400 	1.46
4201200 	1.46
4203000 	1.46
4204800 	1.46
4206600 	1.46
4208400 	1.46
4210200 	1.46
4212000 	1.46
4213800 	1.46
4215600 	1.46
4217400 	1.46
4219200 	1.47
4221000 	1.47
4222800 	1.47
4224600 	1.47
4226400 	1.47
4228200 	1.47
4230000 	1.47
4231800 	1.46
4233600 	1.46
4235400 	1.47
4237200 	1.47
4239000 	1.47
4240800 	1.47
4242600 	1.47
4244400 	1.47
4246200 	1.47
4248000 	1.48
4249800 	1.48
4251600 	1.48
4253400 	1.48
4255200 	1.47
4257000 	1.47
4258800 	1.47
4260600 	1.47
4262400 	1.47
4264200 	1.47
4266000 	1.47
4267800 	1.47
4269600 	1.47
4271400 	1.47
4273200 	1.47
4275000 	1.47
4276800 	1.47
4278600 	1.47
4280400 	1.47
4282200 	1.47
4284000 	1.47
4285800 	1.47
4287600 	1.47
4289400 	1.47
4291200 	1.47
4293000 	1.47
4294800 	1.47
4296600 	1.47
4298400 	1.47
4300200 	1.47
4302000 	1.47
4303800 	1.47
4305600 	1.47
4307400 	1.47
4309200 	1.47
4311000 	1.47
4312800 	1.47
4314600 	1.47
4316400 	1.47
4318200 	1.47
4320000 	1.47
4321800 	1.47
4323600 	1.47
4325400 	1.47
4327200 	1.47
4329000 	1.47
4330800 	1.47
4332600 	1.47
4334400 	1.47
4336200 	1.47
4338000 	1.47
4339800 	1.47
4341600 	1.47
4343400 	1.48
4345200 	1.48
4347000 	1.48
4348800 	1.48
4350600 	1.48
4352400 	1.48
4354200 	1.48
4356000 	1.47
4357800 	1.47
4359600 	1.47
4361400 	1.47
4363200 	1.47
4365000 	1.47
4366800 	1.47
4368600 	1.47
4370400 	1.47
4372200 	1.47
4374000 	1.47
4375800 	1.47
4377600 	1.47
4379400 	1.47
4381200 	1.47
4383000 	1.47
4384800 	1.47
4386600 	1.47
4388400 	1.47
4390200 	1.47
4392000 	1.47
4393800 	1.47
4395600 	1.47
4397400 	1.47
4399200 	1.47
4401000 	1.47
4402800 	1.47
4404600 	1.47
4406400 	1.47
4408200 	1.47
4410000 	1.47
4411800 	1.47
4413600 	1.47
4415400 	1.47
4417200 	1.47
4419000 	1.47
4420800 	1.47
4422600 	1.47
4424400 	1.47
4426200 	1.47
4428000 	1.47
4429800 	1.47
4431600 	1.47
4433400 	1.47
4435200 	1.47
4437000 	1.47
4438800 	1.47
4440600 	1.47
4442400 	1.47
4444200 	1.47
4446000 	1.47
4447800 	1.47
4449600 	1.47
4451400 	1.47
4453200 	1.47
4455000 	1.47
4456800 	1.47
4458600 	1.47
4460400 	1.47
4462200 	1.47
4464000 	1.47
4465800 	1.47
4467600 	1.47
4469400 	1.47
4471200 	1.47
4473000 	1.47
4474800 	1.47
4476600 	1.47
4478400 	1.47
4480200 	1.47
4482000 	1.47
4483800 	1.47
4485600 	1.47
4487400 	1.47
4489200 	1.47
4491000 	1.47
4492800 	1.47
4494600 	1.47
4496400 	1.47
4498200 	1.48
4500000 	1.48
4501800 	1.48
4503600 	1.48
4505400 	1.48
4507200 	1.48
4509000 	1.48
4510800 	1.48
4512600 	1.48
4514400 	1.49
4516200 	1.48
4518000 	1.48
4519800 	1.48
4521600 	1.48
4523400 	1.48
4525200 	1.48
4527000 	1.48
4528800 	1.48
4530600 	1.48
4532400 	1.48
4534200 	1.48
4536000 	1.48
4537800 	1.48
4539600 	1.48
4541400 	1.48
4543200 	1.48
4545000 	1.48
4546800 	1.48
4548600 	1.48
4550400 	1.48
4552200 	1.48
4554000 	1.48
4555800 	1.48
4557600 	1.48
4559400 	1.48
4561200 	1.48
4563000 	1.48
4564800 	1.48
4566600 	1.48
4568400 	1.48
4570200 	1.48
4572000 	1.48
4573800 	1.48
4575600 	1.48
4577400 	1.48
4579200 	1.48
4581000 	1.48
4582800 	1.48
4584600 	1.48
4586400 	1.48
4588200 	1.48
4590000 	1.48
4591800 	1.48
4593600 	1.48
4595400 	1.48
4597200 	1.48
4599000 	1.49
4600800 	1.49
4602600 	1.49
4604400 	1.49
4606200 	1.49
4608000 	1.49
4609800 	1.49
4611600 	1.49
4613400 	1.49
4615200 	1.49
4617000 	1.49
4618800 	1.49
4620600 	1.49
4622400 	1.49
4624200 	1.49
4626000 	1.49
4627800 	1.49
4629600 	1.49
4631400 	1.49
4633200 	1.49
4635000 	1.49
4636800 	1.49
4638600 	1.49
4640400 	1.49
4642200 	1.49
4644000 	1.49
4645800 	1.49
4647600 	1.49
4649400 	1.49
4651200 	1.49
4653000 	1.49
4654800 	1.49
4656600 	1.49
4658400 	1.49
4660200 	1.49
4662000 	1.49
4663800 	1.49
4665600 	1.49
4667400 	1.49
4669200 	1.49
4671000 	1.49
4672800 	1.49
4674600 	1.49
4676400 	1.49
4678200 	1.49
4680000 	1.49
4681800 	1.49
4683600 	1.49
4685400 	1.49
4687200 	1.49
4689000 	1.49
4690800 	1.49
4692600 	1.49
4694400 	1.49
4696200 	1.49
4698000 	1.49
4699800 	1.49
4701600 	1.49
4703400 	1.49
4705200 	1.49
4707000 	1.49
4708800 	1.49
4710600 	1.72
4712400 	1.71
4714200 	1.71
4716000 	1.71
4717800 	1.71
4719600 	1.71
4721400 	1.71
4723200 	1.71
4725000 	1.71
4726800 	1.71
4728600 	1.71
4730400 	1.76
4732200 	1.76
4734000 	1.76
4735800 	1.76
4737600 	1.76
4739400 	1.76
4741200 	1.76
4743000 	1.76
4744800 	1.76
4746600 	1.76
4748400 	1.76
4750200 	1.76
4752000 	1.76
4753800 	1.76
4755600 	1.76
4757400 	1.76
4759200 	1.76
4761000 	1.76
4762800 	1.76
4764600 	1.77
4766400 	1.76
4768200 	1.76
4770000 	1.76
4771800 	11.28
4773600 	11.28
4775400 	4.81
4777200 	4.81
4779000 	2.55
4780800 	2.36
4782600 	2.23
4784400 	1.99
4786200 	1.81
4788000 	1.73
4789800 	1.72
4791600 	1.70
4793400 	1.69
4795200 	1.68
4797000 	1.68
4798800 	1.68
4800600 	1.68
4802400 	1.68
4804200 	1.68
4806000 	1.68
4807800 	1.68
4809600 	1.68
4811400 	1.68
4813200 	1.68
4815000 	1.68
4816800 	1.68
4818600 	1.68
4820400 	1.68
4822200 	1.68
4824000 	1.68
4825800 	1.68
4827600 	1.68
4829400 	1.68
4831200 	1.68
4833000 	1.68
4834800 	1.68
4836600 	1.68
4838400 	1.68
4840200 	1.68
4842000 	1.68
4843800 	1.68
4845600 	1.68
4847400 	1.68
4849200 	1.68
4851000 	107.33
4852800 	107.33
4854600 	107.33
4856400 	3.16
4858200 	3.16
4860000 	2.77
4861800 	2.77
4863600 	2.37
4865400 	2.37
4867200 	2.06
4869000 	2.06
4870800 	2.07
4872600 	2.07
4874400 	2.07
4876200 	2.07
4878000 	2.07
4879800 	2.07
4881600 	2.07
4883400 	2.07
4885200 	2.07
4887000 	2.07
4888800 	2.07
4890600 	2.07
4892400 	2.07
4894200 	2.07
4896000 	2.07
4897800 	2.07
4899600 	2.07
4901400 	2.07
4903200 	2.07
4905000 	2.07
4906800 	2.07
4908600 	2.07
4910400 	2.07
4912200 	2.07
4914000 	2.07
4915800 	2.07
4917600 	2.07
4919400 	2.07
4921200 	2.07
4923000 	2.07
4924800 	2.07
4926600 	2.07
4928400 	2.07
4930200 	2.07
4932000 	2.07
4933800 	2.07
4935600 	2.07
4937400 	2.07
4939200 	2.07
4941000 	2.07
4942800 	2.07
4944600 	2.07
4946400 	2.07
4948200 	2.07
4950000 	2.07
4951800 	2.15
4953600 	2.15
4955400 	2.15
4957200 	2.15
4959000 	2.15
4960800 	2.09
4962600 	2.09
4964400 	2.11
4966200 	2.18
4968000 	2.18
4969800 	2.18
4971600 	2.18
4973400 	2.18
4975200 	2.18
4977000 	2.18
4978800 	2.18
4980600 	2.18
4982400 	2.18
4984200 	2.18
4986000 	2.18
4987800 	2.18
4989600 	2.18
4991400 	2.18
4993200 	2.18
4995000 	2.18
4996800 	2.18
4998600 	2.18
5000400 	2.18
5002200 	2.18
5004000 	2.18
5005800 	2.18
5007600 	2.18
5009400 	2.18
5011200 	2.18
5013000 	2.17
5014800 	2.17
5016600 	2.17
5018400 	2.17
5020200 	2.17
5022000 	2.17
5023800 	2.17
5025600 	2.18
5027400 	2.18
5029200 	1.76
5031000 	1.78
5032800 	1.78
5034600 	1.91
5036400 	1.99
5038200 	2.03
5040000 	2.17
5041800 	2.17
5043600 	2.64
5045400 	26.65
5047200 	3.83
5049000 	2.79
5050800 	2.58
5052600 	2.58
5054400 	2.58
5056200 	2.58
5058000 	2.58
5059800 	2.58
5061600 	2.58
5063400 	2.58
5065200 	2.58
5067000 	2.58
5068800 	2.58
5070600 	2.58
5072400 	2.58
5074200 	2.58
5076000 	2.58
5077800 	2.58
5079600 	2.58
5081400 	2.58
5083200 	2.58
5085000 	2.58
5086800 	2.58
5088600 	2.58
5090400 	2.58
5092200 	2.58
5094000 	2.58
5095800 	2.58
5097600 	2.58
5099400 	2.58
5101200 	2.58
5103000 	2.58
5104800 	2.58
5106600 	2.58
5108400 	2.58
5110200 	2.58
5112000 	2.58
5113800 	2.58
5115600 	2.39
5117400 	2.26
5119200 	2.22
5121000 	1.99
5122800 	1.88
5124600 	1.85
5126400 	1.82
5128200 	1.79
5130000 	1.75
5131800 	1.64
5133600 	1.62
5135400 	1.62
5137200 	1.62
5139000 	1.62
5140800 	1.62
5142600 	1.62
5144400 	1.62
5146200 	1.62
5148000 	1.62
5149800 	1.62
5151600 	1.62
5153400 	1.62
5155200 	1.62
5157000 	1.62
5158800 	1.62
5160600 	1.62
5162400 	1.62
5164200 	1.62
5166000 	1.62
5167800 	1.62
5169600 	1.62
5171400 	1.62
5173200 	1.62
5175000 	1.62
5176800 	1.62
5178600 	1.62
5180400 	1.62
5182200 	1.62
5184000 	1.62
5185800 	1.62
5187600 	1.62
5189400 	1.62
5191200 	1.62
5193000 	1.62
5194800 	1.62
5196600 	1.62
5198400 	1.62
5200200 	1.62
5202000 	1.62
5203800 	1.62
5205600 	1.62
5207400 	1.62
5209200 	1.62
5211000 	1.62
5212800 	1.62
5214600 	1.62
5216400 	1.62
5218200 	1.62
5220000 	1.62
5221800 	1.62
5223600 	1.62
5225400 	1.62
5227200 	1.62
5229000 	1.62
5230800 	1.62
5232600 	1.62
5234400 	1.62
5236200 	1.62
5238000 	1.62
5239800 	2.05
5241600 	2.05
5243400 	2.05
5245200 	2.05
5247000 	2.05
5248800 	2.05
5250600 	2.05
5252400 	2.05
5254200 	2.05
5256000 	2.05
5257800 	2.05
5259600 	2.05
5261400 	2.05
5263200 	2.05
5265000 	2.05
5266800 	2.05
5268600 	2.05
5270400 	2.05
5272200 	2.05
5274000 	2.05
5275800 	2.05
5277600 	2.05
5279400 	2.05
5281200 	2.05
5283000 	2.05
5284800 	2.05
5286600 	2.05
5288400 	2.05
5290200 	2.05
5292000 	2.05
5293800 	1.95
5295600 	1.95
5297400 	1.95
5299200 	1.95
5301000 	1.95
5302800 	1.95
5304600 	1.95
5306400 	1.95
5308200 	1.95
5310000 	1.95
5311800 	1.95
5313600 	1.95
5315400 	1.95
5317200 	1.98
5319000 	1.98
5320800 	1.98
5322600 	1.98
5324400 	1.98
5326200 	1.98
5328000 	1.98
5329800 	1.98
5331600 	1.98
5333400 	1.98
5335200 	1.98
5337000 	1.98
5338800 	1.98
5340600 	1.98
5342400 	1.98
5344200 	1.98
5346000 	1.98
5347800 	1.98
5349600 	1.98
5351400 	1.98
5353200 	1.98
5355000 	1.98
5356800 	1.98
5358600 	1.98
5360400 	1.98
5362200 	1.98
5364000 	1.98
5365800 	1.98
5367600 	2.00
5369400 	1.99
5371200 	1.99
5373000 	1.99
5374800 	1.99
5376600 	1.99
5378400 	1.99
5380200 	1.97
5382000 	1.71
5383800 	1.75
5385600 	1.78
5387400 	1.80
5389200 	1.91
5391000 	2.09
5392800 	2.28
5394600 	2.28
5396400 	2.48
5398200 	2.48
5400000 	2.48
5401800 	2.59
5403600 	2.59
5405400 	2.59
5407200 	2.59
5409000 	2.59
5410800 	2.59
5412600 	2.59
5414400 	2.59
5416200 	2.59
5418000 	2.58
5419800 	2.58
5421600 	2.76
5423400 	2.76
5425200 	2.76
5427000 	2.76
5428800 	2.76
5430600 	2.76
5432400 	2.76
5434200 	2.76
5436000 	2.76
5437800 	2.76
5439600 	2.76
5441400 	2.76
5443200 	2.76
5445000 	2.76
5446800 	2.76
5448600 	2.76
5450400 	2.76
5452200 	2.77
5454000 	2.77
5455800 	2.77
5457600 	2.77
5459400 	2.77
5461200 	2.11
5463000 	2.11
5464800 	2.56
5466600 	2.81
5468400 	9.70
5470200 	2.27
5472000 	2.28
5473800 	2.28
5475600 	2.06
5477400 	2.01
5479200 	1.86
5481000 	1.86
5482800 	1.85
5484600 	1.85
5486400 	1.82
5488200 	1.81
5490000 	1.78
5491800 	1.78
5493600 	1.78
5495400 	1.78
5497200 	1.78
5499000 	1.78
5500800 	1.78
5502600 	1.78
5504400 	1.78
5506200 	1.78
5508000 	1.78
5509800 	1.78
5511600 	1.78
5513400 	1.78
5515200 	1.78
5517000 	1.78
5518800 	1.78
5520600 	1.78
5522400 	1.78
5524200 	1.78
5526000 	1.78
5527800 	1.78
5529600 	1.78
5531400 	1.78
5533200 	1.78
5535000 	1.78
5536800 	1.78
5538600 	1.78
5540400 	1.92
5542200 	1.86
5544000 	1.85
5545800 	1.85
5547600 	1.76
5549400 	1.76
5551200 	1.76
5553000 	1.76
5554800 	1.75
5556600 	1.75
5558400 	1.75
5560200 	1.75
5562000 	1.75
5563800 	1.75
5565600 	1.79
5567400 	1.80
5569200 	1.78
5571000 	1.78
5572800 	1.78
5574600 	1.78
5576400 	1.78
5578200 	1.78
5580000 	1.78
5581800 	1.85
5583600 	1.85
5585400 	1.85
5587200 	1.85
5589000 	1.85
5590800 	1.85
5592600 	1.85
5594400 	1.85
5596200 	1.85
5598000 	1.85
5599800 	1.85
5601600 	1.85
5603400 	1.85
5605200 	1.85
5607000 	1.85
5608800 	1.85
5610600 	1.85
5612400 	1.85
5614200 	1.85
5616000 	1.85
5617800 	1.85
5619600 	1.85
5621400 	1.85
5623200 	1.85
5625000 	1.85
5626800 	1.85
5628600 	1.85
5630400 	1.85
5632200 	1.82
5634000 	1.82
5635800 	1.81
5637600 	1.78
5639400 	1.76
5641200 	1.74
5643000 	1.72
5644800 	1.72
5646600 	1.72
5648400 	1.72
5650200 	1.70
5652000 	1.70
5653800 	1.70
5655600 	1.70
5657400 	1.70
5659200 	1.69
5661000 	1.69
5662800 	1.69
5664600 	1.68
5666400 	1.68
5668200 	1.68
5670000 	1.68
5671800 	1.68
5673600 	1.68
5675400 	1.68
5677200 	1.68
5679000 	1.68
5680800 	1.68
5682600 	1.68
5684400 	1.68
5686200 	1.68
5688000 	1.68
5689800 	1.68
5691600 	1.68
5693400 	1.68
5695200 	1.68
5697000 	1.68
5698800 	1.68
5700600 	1.68
5702400 	1.68
5704200 	1.68
5706000 	1.69
5707800 	1.70
5709600 	1.70
5711400 	1.70
5713200 	1.70
5715000 	1.70
5716800 	1.70
5718600 	1.69
5720400 	1.69
5722200 	1.69
5724000 	1.69
5725800 	1.69
5727600 	1.94
5729400 	1.91
5731200 	1.86
5733000 	1.86
5734800 	1.85
5736600 	1.85
5738400 	1.85
5740200 	1.82
5742000 	1.82
5743800 	1.82
5745600 	1.82
5747400 	1.82
5749200 	1.80
5751000 	1.80
5752800 	1.80
5754600 	1.80
5756400 	1.80
5758200 	1.80
5760000 	1.80
5761800 	1.80
5763600 	1.80
5765400 	1.80
5767200 	1.80
5769000 	1.80
5770800 	1.80
5772600 	1.80
5774400 	1.80
5776200 	1.80
5778000 	1.80
5779800 	1.80
5781600 	1.80
5783400 	1.80
5785200 	1.80
5787000 	1.80
5788800 	1.80
5790600 	1.80
5792400 	1.80
5794200 	1.80
5796000 	1.80
5797800 	1.80
5799600 	1.80
5801400 	1.80
5803200 	1.80
5805000 	1.80
5806800 	1.80
5808600 	1.80
5810400 	1.80
5812200 	1.80
5814000 	1.80
5815800 	1.79
5817600 	1.79
5819400 	1.79
5821200 	1.79
5823000 	1.79
5824800 	1.79
5826600 	1.79
5828400 	1.79
5830200 	1.79
5832000 	1.79
5833800 	1.79
5835600 	1.79
5837400 	1.79
5839200 	1.79
5841000 	1.79
5842800 	1.79
5844600 	1.79
5846400 	1.79
5848200 	1.79
5850000 	1.79
5851800 	1.79
5853600 	1.79
5855400 	1.79
5857200 	1.79
5859000 	1.79
5860800 	1.79
5862600 	1.79
5864400 	1.79
5866200 	1.79
5868000 	1.79
5869800 	1.79
5871600 	1.79
5873400 	1.79
5875200 	1.79
5877000 	1.79
5878800 	1.79
5880600 	1.79
5882400 	1.79
5884200 	1.79
5886000 	1.79
5887800 	1.79
5889600 	1.79
5891400 	1.79
5893200 	1.79
5895000 	1.79
5896800 	1.79
5898600 	1.79
5900400 	1.79
5902200 	1.79
5904000 	1.79
5905800 	1.79
5907600 	1.79
5909400 	1.79
5911200 	1.79
5913000 	1.79
5914800 	1.79
5916600 	1.79
5918400 	1.79
5920200 	1.79
5922000 	1.79
5923800 	1.79
5925600 	1.79
5927400 	1.79
5929200 	1.79
5931000 	1.79
5932800 	1.79
5934600 	1.79
5936400 	1.79
5938200 	1.79
5940000 	1.79
5941800 	1.79
5943600 	1.79
5945400 	1.79
5947200 	1.79
5949000 	1.79
5950800 	1.79
5952600 	1.79
5954400 	1.79
5956200 	1.79
5958000 	1.79
5959800 	1.79
5961600 	1.79
5963400 	1.79
5965200 	1.79
5967000 	1.79
5968800 	1.80
5970600 	1.81
5972400 	1.77
5974200 	1.76
5976000 	1.76
5977800 	1.76
5979600 	1.76
5981400 	1.71
5983200 	1.70
5985000 	1.70
5986800 	1.69
5988600 	1.69
5990400 	1.63
5992200 	1.61
5994000 	1.60
5995800 	1.60
5997600 	1.59
5999400 	1.59
6001200 	1.59
6003000 	1.58
6004800 	1.58
6006600 	1.58
6008400 	1.58
6010200 	1.58
6012000 	1.58
6013800 	1.58
6015600 	1.58
6017400 	1.58
6019200 	1.58
6021000 	1.59
6022800 	1.59
6024600 	1.59
6026400 	1.59
6028200 	1.59
6030000 	1.59
6031800 	1.59
6033600 	1.59
6035400 	1.59
6037200 	1.59
6039000 	1.59
6040800 	1.59
6042600 	1.59
6044400 	1.59
6046200 	1.59
6048000 	1.58
6049800 	1.59
6051600 	1.59
6053400 	1.59
6055200 	1.59
6057000 	1.60
6058800 	1.61
6060600 	1.61
6062400 	1.61
6064200 	1.65
6066000 	1.64
6067800 	1.64
6069600 	1.64
6071400 	1.63
6073200 	1.63
6075000 	1.63
6076800 	1.64
6078600 	1.62
6080400 	1.62
6082200 	1.61
6084000 	1.61
6085800 	1.61
6087600 	1.61
6089400 	1.61
6091200 	1.61
6093000 	1.61
6094800 	1.61
6096600 	1.61
6098400 	1.61
6100200 	1.61
6102000 	1.61
6103800 	1.61
6105600 	1.61
6107400 	1.61
6109200 	1.61
6111000 	1.61
6112800 	1.61
6114600 	1.61
6116400 	1.61
6118200 	1.61
6120000 	1.61
6121800 	1.61
6123600 	1.61
6125400 	1.61
6127200 	1.61
6129000 	1.61
6130800 	1.61
6132600 	1.61
6134400 	1.61
6136200 	1.60
6138000 	1.60
6139800 	1.60
6141600 	1.61
6143400 	1.65
6145200 	1.65
6147000 	1.65
6148800 	1.64
6150600 	1.63
6152400 	1.63
6154200 	1.62
6156000 	1.62
6157800 	1.62
6159600 	1.63
6161400 	1.63
6163200 	1.63
6165000 	1.62
6166800 	1.62
6168600 	1.62
6170400 	1.62
6172200 	1.62
6174000 	1.62
6175800 	1.62
6177600 	1.61
6179400 	1.61
6181200 	1.61
6183000 	1.61
6184800 	1.61
6186600 	1.61
6188400 	1.61
6190200 	1.61
6192000 	1.60
6193800 	1.60
6195600 	1.60
6197400 	1.60
6199200 	1.60
6201000 	1.60
6202800 	1.60
6204600 	1.60
6206400 	1.60
6208200 	1.60
6210000 	1.60
6211800 	1.60
6213600 	1.60
6215400 	1.60
6217200 	1.60
6219000 	1.60
6220800 	1.61
6222600 	1.61
6224400 	1.62
6226200 	1.63
6228000 	1.70
6229800 	2.39
6231600 	5.21
6233400 	2.49
6235200 	2.49
6237000 	2.51
6238800 	2.51
6240600 	2.10
6242400 	2.10
6244200 	2.10
6246000 	1.99
6247800 	1.99
6249600 	1.67
6251400 	1.64
6253200 	1.61
6255000 	1.60
6256800 	1.59
6258600 	1.59
6260400 	1.59
6262200 	1.59
6264000 	1.59
6265800 	1.59
6267600 	1.58
6269400 	1.58
6271200 	1.58
6273000 	1.58
6274800 	1.58
6276600 	1.58
6278400 	1.58
6280200 	1.58
6282000 	1.58
6283800 	1.58
6285600 	1.58
6287400 	1.58
6289200 	1.58
6291000 	1.58
6292800 	1.58
6294600 	1.58
6296400 	1.58
6298200 	1.58
6300000 	1.58
6301800 	1.58
6303600 	1.58
6305400 	1.58
6307200 	1.58
6309000 	1.58
6310800 	1.58
6312600 	1.58
6314400 	1.58
6316200 	1.55
6318000 	1.55
6319800 	1.54
6321600 	1.54
6323400 	1.54
6325200 	1.54
6327000 	1.54
6328800 	1.54
6330600 	1.54
6332400 	1.53
6334200 	1.53
6336000 	1.52
6337800 	1.52
6339600 	1.51
6341400 	1.51
6343200 	1.51
6345000 	1.51
6346800 	1.51
6348600 	1.51
6350400 	1.51
6352200 	1.51
6354000 	1.51
6355800 	1.51
6357600 	1.51
6359400 	1.51
6361200 	1.51
6363000 	1.51
6364800 	1.51
6366600 	1.51
6368400 	1.51
6370200 	1.51
6372000 	1.51
6373800 	1.51
6375600 	1.51
6377400 	1.51
6379200 	1.51
6381000 	1.51
6382800 	1.51
6384600 	1.51
6386400 	1.51
6388200 	1.51
6390000 	1.51
6391800 	1.51
6393600 	1.51
6395400 	1.51
6397200 	1.51
6399000 	1.51
6400800 	1.51
6402600 	1.51
6404400 	1.51
6406200 	1.51
6408000 	1.51
6409800 	1.51
6411600 	1.51
6413400 	1.51
6415200 	1.51
6417000 	1.51
6418800 	1.51
6420600 	1.52
6422400 	1.52
6424200 	1.52
6426000 	1.52
6427800 	1.52
6429600 	1.52
6431400 	1.52
6433200 	1.52
6435000 	1.52
6436800 	1.52
6438600 	1.52
6440400 	1.52
6442200 	1.52
6444000 	1.52
6445800 	1.52
6447600 	1.52
6449400 	1.52
6451200 	1.52
6453000 	1.52
6454800 	1.52
6456600 	1.52
6458400 	1.52
6460200 	1.52
6462000 	1.52
6463800 	1.52
6465600 	1.52
6467400 	1.52
6469200 	1.52
6471000 	1.52
6472800 	1.52
6474600 	1.52
6476400 	1.52
6478200 	1.52
6480000 	1.52
6481800 	1.52
6483600 	1.52
6485400 	1.52
6487200 	1.52
6489000 	1.52
6490800 	1.52
6492600 	1.52
6494400 	1.52
6496200 	1.52
6498000 	1.52
6499800 	1.52
6501600 	1.52
6503400 	1.52
6505200 	1.52
6507000 	1.52
6508800 	1.52
6510600 	1.53
6512400 	1.53
6514200 	1.53
6516000 	1.53
6517800 	1.53
6519600 	1.53
6521400 	1.53
6523200 	1.53
6525000 	1.53
6526800 	1.53
6528600 	1.53
6530400 	1.53
6532200 	1.53
6534000 	1.53
6535800 	1.53
6537600 	1.53
6539400 	1.53
6541200 	1.53
6543000 	1.53
6544800 	1.53
6546600 	1.53
6548400 	1.53
6550200 	1.53
6552000 	1.53
6553800 	1.53
6555600 	1.53
6557400 	1.53
6559200 	1.53
6561000 	1.53
6562800 	1.53
6564600 	1.53
6566400 	1.53
6568200 	1.53
6570000 	1.53
6571800 	1.59
6573600 	1.60
6575400 	1.60
6577200 	1.60
6579000 	1.60
6580800 	1.60
6582600 	1.60
6584400 	1.61
6586200 	1.61
6588000 	1.61
6589800 	1.60
6591600 	1.60
6593400 	1.60
6595200 	1.60
6597000 	1.60
6598800 	1.59
6600600 	1.59
6602400 	1.59
6604200 	1.59
6606000 	1.59
6607800 	1.59
6609600 	1.59
6611400 	1.59
6613200 	1.59
6615000 	1.59
6616800 	1.59
6618600 	1.59
6620400 	1.59
6622200 	1.59
6624000 	1.59
6625800 	1.59
6627600 	1.59
6629400 	1.59
6631200 	1.59
6633000 	1.59
6634800 	1.59
6636600 	1.59
6638400 	1.59
6640200 	1.59
6642000 	1.59
6643800 	1.59
6645600 	1.59
6647400 	1.59
6649200 	1.59
6651000 	1.59
6652800 	1.59
6654600 	2.11
6656400 	3.01
6658200 	2.50
6660000 	1.71
6661800 	1.60
6663600 	1.59
6665400 	1.57
6667200 	1.57
6669000 	1.57
6670800 	1.57
6672600 	1.59
6674400 	1.58
6676200 	1.57
6678000 	1.55
6679800 	1.55
6681600 	1.53
6683400 	1.52
6685200 	1.52
6687000 	1.51
6688800 	1.50
6690600 	1.50
6692400 	1.50
6694200 	1.50
6696000 	1.50
6697800 	1.50
6699600 	1.50
6701400 	1.50
6703200 	1.50
6705000 	1.50
6706800 	1.50
6708600 	1.50
6710400 	1.50
6712200 	1.50
6714000 	1.50
6715800 	1.50
6717600 	1.50
6719400 	1.50
6721200 	1.50
6723000 	1.50
6724800 	1.50
6726600 	1.50
6728400 	1.50
6730200 	1.50
6732000 	1.50
6733800 	1.50
6735600 	1.50
6737400 	1.50
6739200 	1.50
6741000 	1.50
6742800 	1.50
6744600 	1.50
6746400 	1.50
6748200 	1.50
6750000 	1.50
6751800 	1.50
6753600 	1.50
6755400 	1.52
6757200 	1.52
6759000 	1.52
6760800 	1.51
6762600 	1.51
6764400 	1.50
6766200 	1.50
6768000 	1.50
6769800 	1.50
6771600 	1.50
6773400 	1.50
6775200 	1.50
6777000 	1.50
6778800 	1.50
6780600 	1.50
6782400 	1.50
6784200 	1.50
6786000 	1.50
6787800 	1.50
6789600 	1.50
6791400 	1.50
6793200 	1.50
6795000 	1.50
6796800 	1.50
6798600 	1.50
6800400 	1.50
6802200 	1.50
6804000 	1.50
6805800 	1.50
6807600 	1.50
6809400 	1.50
6811200 	1.50
6813000 	1.50
6814800 	1.50
6816600 	1.50
6818400 	1.50
6820200 	1.50
6822000 	1.50
6823800 	1.50
6825600 	1.50
6827400 	1.50
6829200 	1.50
6831000 	1.50
6832800 	1.50
6834600 	1.50
6836400 	1.50
6838200 	1.50
6840000 	1.50
6841800 	1.50
6843600 	1.50
6845400 	1.50
6847200 	1.50
6849000 	1.50
6850800 	1.50
6852600 	1.50
6854400 	1.50
6856200 	1.50
6858000 	1.50
6859800 	1.50
6861600 	1.50
6863400 	1.50
6865200 	1.50
6867000 	1.50
6868800 	1.50
6870600 	1.50
6872400 	1.50
6874200 	1.50
6876000 	1.50
6877800 	1.50
6879600 	1.50
6881400 	1.50
6883200 	1.50
6885000 	1.50
6886800 	1.50
6888600 	1.50
6890400 	1.50
6892200 	1.50
6894000 	1.50
6895800 	1.50
6897600 	1.50
6899400 	1.50
6901200 	1.50
6903000 	1.50
6904800 	1.50
6906600 	1.50
6908400 	1.50
6910200 	1.50
6912000 	1.50
6913800 	1.50
6915600 	1.50
6917400 	1.50
6919200 	1.50
6921000 	1.50
6922800 	1.50
6924600 	1.50
6926400 	1.50
6928200 	1.50
6930000 	1.50
6931800 	1.50
6933600 	1.50
6935400 	1.50
6937200 	1.50
6939000 	1.50
6940800 	1.50
6942600 	1.50
6944400 	1.50
6946200 	1.50
6948000 	1.50
6949800 	1.50
6951600 	1.50
6953400 	1.50
6955200 	1.50
6957000 	1.50
6958800 	1.50
6960600 	1.50
6962400 	1.50
6964200 	1.50
6966000 	1.50
6967800 	1.50
6969600 	1.50
6971400 	1.50
6973200 	1.50
6975000 	1.50
6976800 	1.50
6978600 	1.50
6980400 	1.50
6982200 	1.50
6984000 	1.50
6985800 	1.50
6987600 	1.50
6989400 	1.50
6991200 	1.50
6993000 	1.50
6994800 	1.50
6996600 	1.50
6998400 	1.50
7000200 	1.50
7002000 	1.50
7003800 	1.50
7005600 	1.50
7007400 	1.50
7009200 	1.50
7011000 	1.50
7012800 	1.50
7014600 	1.50
7016400 	1.50
7018200 	1.50
7020000 	1.50
7021800 	1.50
7023600 	1.50
7025400 	1.50
7027200 	1.50
7029000 	1.50
7030800 	1.50
7032600 	1.50
7034400 	1.50
7036200 	1.50
7038000 	1.50
7039800 	1.50
7041600 	1.50
7043400 	1.64
7045200 	1.64
7047000 	1.64
7048800 	1.64
7050600 	1.64
7052400 	1.64
7054200 	1.64
7056000 	1.64
7057800 	1.64
7059600 	1.64
7061400 	1.64
7063200 	1.64
7065000 	1.64
7066800 	1.64
7068600 	1.64
7070400 	1.64
7072200 	1.64
7074000 	1.64
7075800 	1.64
7077600 	1.64
7079400 	1.64
7081200 	1.64
7083000 	1.64
7084800 	1.64
7086600 	1.64
7088400 	1.64
7090200 	1.64
7092000 	1.64
7093800 	1.64
7095600 	1.64
7097400 	1.64
7099200 	1.64
7101000 	1.64
7102800 	1.64
7104600 	1.64
7106400 	1.64
7108200 	1.64
7110000 	1.64
7111800 	1.64
7113600 	1.64
7115400 	1.64
7117200 	1.64
7119000 	1.64
7120800 	1.64
7122600 	1.64
7124400 	1.64
7126200 	1.64
7128000 	1.64
7129800 	1.64
7131600 	1.64
7133400 	1.64
7135200 	1.64
7137000 	1.64
7138800 	1.64
7140600 	1.64
7142400 	1.64
7144200 	1.64
7146000 	1.64
7147800 	1.64
7149600 	1.64
7151400 	1.64
7153200 	1.64
7155000 	1.64
7156800 	1.64
7158600 	1.64
7160400 	1.64
7162200 	1.64
7164000 	1.64
7165800 	1.64
7167600 	1.64
7169400 	1.64
7171200 	1.64
7173000 	1.64
7174800 	1.64
7176600 	1.65
7178400 	1.65
7180200 	1.65
7182000 	1.65
7183800 	1.66
7185600 	1.66
7187400 	4.78
7189200 	4.78
7191000 	4.25
7192800 	4.24
7194600 	3.85
7196400 	3.84
7198200 	3.70
7200000 	2.90
7201800 	2.69
7203600 	2.36
7205400 	2.28
7207200 	2.18
7209000 	2.18
7210800 	2.18
7212600 	2.18
7214400 	2.18
7216200 	2.18
7218000 	2.19
7219800 	2.14
7221600 	2.09
7223400 	2.09
7225200 	2.06
7227000 	2.06
7228800 	2.06
7230600 	2.08
7232400 	2.08
7234200 	2.08
7236000 	2.06
7237800 	2.02
7239600 	2.02
7241400 	2.02
7243200 	2.02
7245000 	2.02
7246800 	2.02
7248600 	2.02
7250400 	2.02
7252200 	2.02
7254000 	2.02
7255800 	2.02
7257600 	2.02
7259400 	2.03
7261200 	2.03
7263000 	2.03
7264800 	2.03
7266600 	2.03
7268400 	2.03
7270200 	2.03
7272000 	2.03
7273800 	2.03
7275600 	2.91
7277400 	4.57
7279200 	13.65
7281000 	5.00
7282800 	2.51
7284600 	2.16
7286400 	1.99
7288200 	1.92
7290000 	1.75
7291800 	1.69
7293600 	1.68
7295400 	1.68
7297200 	1.68
7299000 	1.68
7300800 	1.68
7302600 	1.68
7304400 	1.68
7306200 	1.67
7308000 	1.67
7309800 	1.67
7311600 	1.67
7313400 	1.67
7315200 	1.67
7317000 	1.67
7318800 	1.67
7320600 	1.67
7322400 	1.67
7324200 	1.67
7326000 	1.67
7327800 	1.67
7329600 	1.67
7331400 	1.67
7333200 	1.67
7335000 	1.67
7336800 	1.67
7338600 	1.67
7340400 	1.67
7342200 	1.67
7344000 	1.67
7345800 	1.67
7347600 	1.67
7349400 	1.67
7351200 	1.68
7353000 	1.67
7354800 	1.67
7356600 	1.68
7358400 	1.68
7360200 	1.68
7362000 	1.68
7363800 	1.68
7365600 	1.68
7367400 	1.68
7369200 	1.68
7371000 	1.91
7372800 	2.25
7374600 	2.25
7376400 	2.25
7378200 	2.25
7380000 	6.54
7381800 	17.04
7383600 	4.75
7385400 	3.24
7387200 	2.88
7389000 	2.88
7390800 	2.88
7392600 	2.79
7394400 	2.43
7396200 	2.34
7398000 	2.34
7399800 	2.34
7401600 	2.34
7403400 	2.34
7405200 	2.34
7407000 	2.34
7408800 	2.34
7410600 	2.34
7412400 	2.34
7414200 	2.34
7416000 	2.34
7417800 	2.34
7419600 	2.34
7421400 	2.34
7423200 	2.34
7425000 	2.34
7426800 	2.34
7428600 	2.34
7430400 	2.34
7432200 	2.36
7434000 	2.36
7435800 	2.36
7437600 	2.36
7439400 	2.35
7441200 	2.34
7443000 	11.38
7444800 	4.27
7446600 	3.51
7448400 	3.11
7450200 	2.90
7452000 	2.90
7453800 	2.49
7455600 	2.20
7457400 	2.20
7459200 	1.96
7461000 	1.90
7462800 	1.87
7464600 	1.86
7466400 	1.86
7468200 	1.84
7470000 	1.84
7471800 	1.82
7473600 	1.82
7475400 	1.81
7477200 	1.79
7479000 	1.78
7480800 	1.78
7482600 	1.78
7484400 	1.78
7486200 	1.78
7488000 	1.78
7489800 	1.78
7491600 	1.78
7493400 	1.78
7495200 	1.78
7497000 	1.78
7498800 	1.78
7500600 	1.78
7502400 	1.78
7504200 	1.78
7506000 	1.78
7507800 	1.78
7509600 	1.78
7511400 	1.78
7513200 	1.78
7515000 	1.78
7516800 	1.78
7518600 	1.78
7520400 	1.78
7522200 	1.78
7524000 	1.79
7525800 	1.79
7527600 	1.79
7529400 	1.79
7531200 	1.79
7533000 	1.79
7534800 	1.79
7536600 	1.75
7538400 	1.70
7540200 	1.69
7542000 	1.66
7543800 	1.66
7545600 	1.62
7547400 	1.61
7549200 	1.59
7551000 	1.56
7552800 	1.54
7554600 	1.53
7556400 	1.53
7558200 	1.53
7560000 	1.53
7561800 	1.53
7563600 	1.53
7565400 	1.53
7567200 	1.53
7569000 	1.53
7570800 	1.53
7572600 	1.53
7574400 	1.53
7576200 	1.53
7578000 	1.53
7579800 	1.53
7581600 	1.53
7583400 	1.53
7585200 	1.53
7587000 	1.53
7588800 	1.53
7590600 	1.53
7592400 	1.53
7594200 	1.53
7596000 	1.53
7597800 	1.53
7599600 	1.53
7601400 	1.53
7603200 	1.53
7605000 	1.53
7606800 	1.53
7608600 	1.53
7610400 	1.53
7612200 	1.53
7614000 	1.53
7615800 	1.53
7617600 	1.53
7619400 	1.53
7621200 	1.53
7623000 	1.53
7624800 	1.53
7626600 	1.53
7628400 	1.53
7630200 	1.53
7632000 	1.53
7633800 	1.53
7635600 	1.53
7637400 	1.53
7639200 	1.53
7641000 	1.59
7642800 	1.59
7644600 	1.59
7646400 	1.59
7648200 	1.59
7650000 	1.59
7651800 	1.59
7653600 	1.59
7655400 	1.59
7657200 	1.59
7659000 	1.59
7660800 	1.59
7662600 	1.59
7664400 	1.59
7666200 	1.59
7668000 	1.59
7669800 	1.59
7671600 	1.59
7673400 	1.59
7675200 	1.59
7677000 	1.59
7678800 	1.59
7680600 	1.59
7682400 	1.59
7684200 	1.59
7686000 	1.59
7687800 	1.59
7689600 	1.59
7691400 	1.59
7693200 	1.59
7695000 	1.59
7696800 	1.59
7698600 	1.59
7700400 	1.59
7702200 	1.59
7704000 	1.59
7705800 	1.59
7707600 	1.59
7709400 	1.59
7711200 	1.59
7713000 	1.59
7714800 	1.66
7716600 	1.82
7718400 	1.82
7720200 	1.80
7722000 	1.79
7723800 	1.77
7725600 	1.75
7727400 	1.69
7729200 	1.69
7731000 	1.68
7732800 	1.67
7734600 	1.67
7736400 	1.67
7738200 	1.67
7740000 	1.67
7741800 	1.67
7743600 	1.67
7745400 	1.67
7747200 	1.67
7749000 	1.67
7750800 	1.67
7752600 	1.67
7754400 	1.67
7756200 	1.67
7758000 	1.67
7759800 	1.67
7761600 	1.67
7763400 	1.67
7765200 	1.67
7767000 	1.67
7768800 	1.67
7770600 	1.67
7772400 	1.67
7774200 	1.67
7776000 	1.67
7777800 	1.67
7779600 	1.67
7781400 	1.67
7783200 	1.67
7785000 	1.67
7786800 	1.68
7788600 	1.69
7790400 	1.69
7792200 	1.70
7794000 	1.72
7795800 	1.81
7797600 	1.82
7799400 	1.80
7801200 	1.78
7803000 	1.76
7804800 	1.76
7806600 	1.71
7808400 	1.69
7810200 	1.68
7812000 	1.67
7813800 	1.65
7815600 	1.64
7817400 	1.64
7819200 	1.64
7821000 	1.64
7822800 	1.63
7824600 	1.63
7826400 	1.62
7828200 	1.61
7830000 	1.60
7831800 	1.60
7833600 	1.60
7835400 	1.59
7837200 	1.59
7839000 	1.58
7840800 	1.58
7842600 	1.58
7844400 	1.58
7846200 	1.58
7848000 	1.58
7849800 	1.58
7851600 	1.58
7853400 	1.58
7855200 	1.58
7857000 	1.58
7858800 	1.58
7860600 	1.58
7862400 	1.58
7864200 	1.58
7866000 	1.58
7867800 	1.58
7869600 	1.58
7871400 	1.58
7873200 	1.58
7875000 	1.61
7876800 	1.61
7878600 	1.61
7880400 	1.59
7882200 	1.59
7884000 	1.59
7885800 	1.58
7887600 	1.58
7889400 	1.58
7891200 	1.58
7893000 	1.58
7894800 	1.58
7896600 	1.57
7898400 	1.57
7900200 	1.57
7902000 	1.57
7903800 	1.57
7905600 	1.57
7907400 	1.57
7909200 	1.57
7911000 	1.57
7912800 	1.57
7914600 	1.57
7916400 	1.57
7918200 	1.57
7920000 	1.57
7921800 	1.57
7923600 	1.57
7925400 	1.57
7927200 	1.57
7929000 