0 0
1 0
2 0
3 0
4 0
5 0
6 0
7 0
8 0
9 0
10 0
11 0
12 0
13 0
14 0
15 0
16 0
17 0
18 0
19 0
20 0
21 0
22 0
23 0
24 0
25 0
26 0
27 0
28 0
29 0
30 0
31 0
32 0
33 0
34 0
35 0
36 0
37 0
38 0
39 0
40 0
41 0
42 0
43 0
44 0
45 0
46 0
47 0
48 0
49 0
50 0
51 0
52 0
53 0
54 0
55 0
56 0
57 0
58 0
59 0
60 0
61 0
62 0
63 0
64 0
65 0
66 0
67 0
68 0
69 0
70 0
71 0
72 0
73 0
74 0
75 0
76 0
77 0
78 0
79 0
80 0
81 0
82 0
83 0
84 0
85 0
86 0
87 0
88 0
89 0
90 0
91 0
92 0
93 0
94 0
95 0
96 0
97 0
98 0
99 0
100 0
101 0
102 0
103 0
104 0
105 0
106 0
107 0
108 0
109 0
110 0
111 0
112 0
113 0
114 0
115 0
116 0
117 0
118 0
119 0
120 0
121 0
122 0
123 0
124 0
125 0
126 0
127 0
128 0
129 0
130 0
131 0
132 0
133 0
134 0
135 0
136 0
137 0
138 0
139 0
140 0
141 0
142 0
143 0
144 0
145 0
146 0
147 0
148 0
149 0
150 0
151 0
152 0
153 0
154 0
155 0
156 0
157 0
158 0
159 0
160 0
161 0
162 0
163 0
164 0
165 0
166 0
167 0
168 0
169 0
170 0
171 0
172 0
173 0
174 0
175 0
176 0
177 1
178 0
179 0
180 0
181 0
182 0
183 0
184 0
185 0
186 0
187 0
188 0
189 1
190 0
191 0
192 1
193 1
194 0
195 0
196 1
197 1
198 0
199 1
200 0
201 2
202 1
203 1
204 0
205 1
206 0
207 1
208 2
209 0
210 1
211 2
212 1
213 0
214 2
215 2
216 2
217 0
218 1
219 5
220 3
221 5
222 0
223 2
224 2
225 1
226 1
227 1
228 2
229 6
230 5
231 0
232 6
233 6
234 4
235 6
236 5
237 8
238 7
239 1
240 3
241 3
242 7
243 6
244 6
245 6
246 8
247 11
248 7
249 9
250 13
251 11
252 8
253 12
254 7
255 6
256 9
257 8
258 8
259 14
260 8
261 21
262 11
263 16
264 13
265 9
266 1
267 13
268 9
269 13
270 11
271 14
272 8
273 10
274 13
275 14
276 11
277 10
278 11
279 11
280 23
281 10
282 19
283 15
284 10
285 19
286 10
287 9
288 6
289 11
290 14
291 4
292 10
293 11
294 11
295 13
296 12
297 9
298 14
299 9
300 9
301 14
302 9
303 8
304 14
305 8
306 7
307 9
308 8
309 10
310 12
311 5
312 5
313 3
314 4
315 5
316 7
317 11
318 5
319 8
320 5
321 5
322 2
323 4
324 2
325 6
326 7
327 8
328 1
329 1
330 2
331 1
332 5
333 4
334 2
335 4
336 2
337 1
338 4
339 3
340 2
341 2
342 2
343 3
344 1
345 1
346 2
347 1
348 1
349 2
350 0
351 5
352 1
353 2
354 3
355 1
356 0
357 1
358 2
359 0
360 0
361 1
362 0
363 0
364 0
365 1
366 1
367 0
368 0
369 2
370 0
371 0
372 0
373 1
374 1
375 1
