0.0 0
1.0 1630
2.0 2239
3.0 2690
4.0 3355
5.0 3953
6.0 4785
7.0 5727
8.0 6919
9.0 7563
10.0 7683
11.0 7152
12.0 6309
13.0 5405
14.0 4672
15.0 3892
16.0 3394
17.0 2814
18.0 2424
19.0 2029
20.0 1683
21.0 1543
22.0 1249
23.0 1145
24.0 1014
25.0 862
26.0 838
27.0 730
28.0 659
29.0 579
30.0 501
31.0 504
32.0 473
33.0 380
34.0 361
35.0 305
36.0 308
37.0 257
38.0 211
39.0 192
40.0 182
41.0 163
42.0 146
43.0 138
44.0 119
45.0 133
46.0 84
47.0 95
48.0 91
49.0 68
50.0 77
51.0 65
52.0 55
53.0 59
54.0 44
55.0 46
56.0 33
57.0 41
58.0 36
59.0 34
60.0 26
61.0 17
62.0 25
63.0 36
64.0 20
65.0 9
66.0 17
67.0 25
68.0 17
69.0 13
70.0 14
71.0 12
72.0 9
73.0 14
74.0 10
75.0 6
76.0 3
77.0 6
78.0 7
79.0 5
80.0 5
81.0 2
82.0 4
83.0 2
84.0 2
85.0 3
86.0 2
87.0 1
88.0 5
89.0 1
90.0 4
91.0 1
92.0 1
93.0 1
94.0 3
95.0 2
96.0 1
97.0 2
98.0 2
99.0 1
100.0 0
101.0 1
102.0 1
103.0 0
104.0 0
105.0 0
106.0 0
107.0 0
108.0 0
109.0 2
110.0 0
111.0 1
112.0 0
